"testdata" <-
structure(c(0.898336720249383, 2.59309357899332, 2.22931824984257, 
0.0607477734752462, 2.71684859713921, 1.57094716540078, 1.38264318488678, 
0.586240374558163, -3.46984737174275, 1.51482202016402, -1.02200142842744, 
1.10293862078316, 0.332384806097054, 1.77173725665620, 0.431025223620401, 
1.09423714891783, -0.40557244297203, 1.30540401720732, -0.814880659174758, 
-3.38414524000577, 1.91947023455816, 0.245500745555037, -0.654160950033943, 
-0.20746355193932, 0.0222244161809190, 1.44686650666406, 0.0483573659618983, 
2.15936561616409, 0.307831411314184, 0.924296058242138, -0.170466893793652, 
-1.77748210100016, 3.1286482061508, 2.23572256903938, 2.92196740490511, 
1.53830541694049, 1.70441554371892, 1.07566058333423, 2.03754408970817, 
0.565757375601074, 1.23794509321389, 0.222738298878850, 0.453354726022075, 
0.268866651282037, 1.63363660183490, 1.04228806077847, 0.644514345856016, 
1.84977311641228, 2.58576695293699, 1.29912192872722, 1.52885511576908, 
2.22635108880054, 3.29208481078875, -0.993923640739662, 0.681837367527042, 
1.69813878890083, 0.281347062138467, 5.29198046708734, 2.36596747997467, 
1.62451391301059, 2.0711895959682, 1.17127278878349, 0.158540440364859, 
1.98505192111006, -0.352319781925848, 3.06164712027271, 0.84206194323652, 
0.959259288772078, 1.00910186203052, 2.48675079808221, 0.657389594927989, 
2.21569214633619, 2.82386676202616, -1.10830318509492, 2.87212561306928, 
1.04561351201880, 2.36111765056866, 1.33603923279571, -0.459759970608746, 
2.04674585569557, -0.132078967846339, 0.326501448671316, 0.467706400870381, 
2.56634586077609, -1.18648480369343, -0.375849952339183, 1.04536261998009, 
-0.197291089510776, -0.598998355159382, -0.354441474603848, 1.34632587813848, 
-0.235630157486879, 4.2679395247132, -1.77530979241532, 1.17336899161160, 
-0.00822593859578439, 2.23820798637676, 0.547475989502914, 2.54164659706159, 
1.81091796759948, 0.853495540761315, -1.47354722727520, -0.784005730876667, 
1.87965845616218, -2.81949831438455, 2.71404326328913, 4.21981159133425, 
-0.571885892888583, 0.357249734838841, 0.653237762775491, 1.50764070587146, 
-0.6866987946554, 0.446335903125091, 0.571578799128876, -0.445841940528088, 
1.59945020793841, -0.85181765841737, 1.07679058106220, -0.297871835590132, 
0.934558005662676, 1.40411968379408, 0.440735301562236, 0.0153624381387338, 
1.73148787773529, 1.19722809704174, 2.75934737974689, -1.06944652875721, 
0.200944502135557, 1.67831410265759, 0.317401297511825, 0.140008100667457, 
-0.520137580971063, 1.34695890061376, 0.80842502563378, 1.90784690457509, 
2.51248542981314, 0.703184742974544, 4.14379627911425, 0.495333167691285, 
4.13814920299828, -1.33553038711506, -1.50974002836705, 1.99540686623435, 
1.78487886194858, 3.31723601862009, -0.764599241883339, 0.219535579995772, 
3.0558521481666, -0.115795832618188, -0.509077249916978, -1.63711977324761, 
-1.02909927060388, 1.74880147579767, -2.52335080224475, -1.04440604325360, 
0.409607200186353, 2.02770081224097, 1.01195613815938, 1.52072237321121, 
-0.324914209292301, -1.35575509258206, 0.520218279931399, 0.622736403041041, 
0.49818896341868, 1.52296449133886, 0.194137206228536, 0.384576422914447, 
-0.468192548770191, -1.81115212524298, -1.67768447173234, -0.461451419593989, 
-1.55448167281146, 0.0118628752713294, -0.0359452641515466, 0.614080690156985, 
0.316269919121477, -4.32500835039325, 1.88849016479531, 1.655970972902, 
-1.57232076337700, -1.50709764748947, 0.116412955274235, 0.631202192608591, 
0.863507872678305, 0.697011160861398, -1.1018398639071, -2.53547204342787, 
0.470800091879174, 0.516079078617613, -2.47767157226197, -1.09488236615032, 
-1.40996632366090, -1.25893424241497, 1.81679159784393, -3.13134943993149, 
2.77639387071886, 1.09709280658107, -4.03872287496006, -4.68768099362579, 
1.42044182877180, 1.42157957158514, -1.05418733467018, 0.798101703054415, 
-3.19063160872752, -0.507226828641122, 0.0529472072446725, 1.81654175138668, 
-1.90295573101302, 2.6674179759412, 1.89903645890480, -0.297672818566062, 
-0.290512663412797, -2.87805436265284, -2.27279999387686, -0.306208406763951, 
1.54090635631408, 0.94780021318072, -0.755408037678441, 0.458696288735234, 
-4.80906840570711, 2.99974285888389, 1.78071087254316, -2.08226467753729, 
-1.17372485482675, -2.84746194863912, 1.87980134749503, -0.698746773625487, 
-1.24231867947158, 1.04602740787415, -3.49521914192213, -0.241364563828578, 
-1.67301566012451, -1.26945796082771, 1.03426130373966, -0.749954941874078, 
-0.907551908743814, 0.118120292691859, -1.66196942915101, -1.68003338650386, 
-3.63619298230116, 0.0511652724340732, 0.497855942360559, -1.11100512193751, 
-2.42680557626199, -2.12456214938237, 0.658448613324735, 1.35994591784840, 
1.44884401537193, -0.535505489746194, 1.03346360474613, -0.807621702621726, 
0.8999148688974, -0.711188739290799, -0.344610745410511, 1.42037624514676, 
-2.9828139026988, -1.36915071755305, 0.171366954009001, 1.01288043563389, 
-0.810389147156644, 1.01348959491719, -0.580389558831456, -0.547118935158352, 
0.188623203145765, 0.966165077065245, -4.27162809815699, 0.0496608785441232, 
2.52553225738615, -0.786133275970685, -1.35606002600676, -3.15978941262204, 
1.33101364229301, 1.04499628369629, -0.582195864230105, -1.63950721664432, 
-1.86181935295963, -3.01010530502164, -5.2411715957864, -3.00760314559167, 
1.33214236411541, 0.881933335755163, 0.785286633419437, -3.17320181841728, 
1.05436289663132, 0.86579006735422, 1.42479415058498, -1.09213118090713, 
0.90150143126899, 0.0973702874475101, -3.38783638351492, 0.986630083068653, 
-3.67293556135097, 0.84882040239581, 0.330788079153960, -2.91793450041948, 
1.30852009470889, 0.279558703054035, 0.113871908896315, 0.539135765106348, 
0.747878132233463, -1.17631132134000, 1.69184199827498, 0.951016904795974, 
-1.79694622457255, 1.73842872828968, 0.460754221611819, -0.113861241196361, 
0.853304034717856, -0.872761074684062, -0.544086082123894, -3.44303560517296, 
-0.909654027268019, -1.13425352269639, 1.45412880777696, -0.104121541513644, 
0.571656932479149, 0.906781867260074, 0.124350145755264, -1.19705755664527, 
-2.90834767489937, 2.64496552299796, -0.407248164881545, -0.73033995474473, 
1.47498430542180, 0.195420172792732, 1.5963071145833, -0.0555786593506304, 
1.90557688033482, -1.48118335614411, 1.95522934094549, -2.4458289115486, 
0.583896117316749, 1.31413416968032, 0.434777227195612, 2.87779098419024, 
0.209830888562706, -1.76274622117719, 1.36118947958466, 0.950579457093345, 
-2.45980798617106, -2.10400021917818, -2.12063415737281, -1.23539132854053, 
-0.434788783487194, -0.299840643292412, 1.21006956744951, 0.647659350118998, 
-3.8153111788829, -0.597455480413086, 0.136244597999619, 0.126303951422671, 
3.61481865403146, -2.08395191314194, 0.480344057536006, -0.801055068280346, 
0.208192045489539, -0.540168417779852, 0.87274576440502, -0.257482757302228, 
2.16396523448477, 0.255562902785505, -1.31197954333558, -1.85565302525613, 
-0.0668935613535599, 0.265218509337472, -0.318685899948961, 0.52814267433006, 
0.349478303366001, 0.0278332810759479, 1.34503620543147, 0.696109859345008, 
0.832621248012906, 0.577634927804905, 0.840261289474948, -1.55004287570706, 
-0.301264595016408, 0.35966307742005, -1.58944451605632, 1.24977935929802, 
-0.85599038062029, 0.214942626266591, -1.37497949293850, -1.02210321850860, 
0.616138641519894, -0.638745701468299, 1.93936896756537, -0.147886349649728, 
0.414174404295461, -1.65463743851611, -0.502036695250592, 0.608338284110254, 
-1.67277669839610, -1.63290001120747, 0.966832560879263, -0.790104942139792, 
-0.341494464889983, -1.07602278142782, 1.09673434536582, -0.713648446958477, 
-0.239562526151106, 0.362637328070142, -0.289342838333754, -3.25378855852759, 
0.450456158990805, -2.23702577241704, -1.67381905538599, -0.744258283045352, 
-0.0685365872705208, -0.637456165955769, -0.747050716373756, 
